lambda = 11.009488704791796 
 X = [0.70307388 0.67634277 1.        ]